RANDOM FOREST MODEL METRICS
========================================
MAE   : 0.445214
RMSE  : 0.599281
R2    : 0.834386
MBE   : 0.005445
